0.5550000071525574
0.7200000286102295
0.4300000071525574
0.7749999761581421
0.9549999833106995
0.6000000238418579
0.7549999952316284
0.5350000262260437
0.5699999928474426
0.699999988079071
0.7799999713897705
0.15000000596046448
0.6949999928474426
0.6449999809265137
0.8849999904632568
0.824999988079071
1.0
0.7649999856948853
0.9350000023841858
0.6000000238418579
0.8899999856948853
1.0
0.8700000047683716
1.0
0.9549999833106995
0.7200000286102295
0.5350000262260437
0.8600000143051147
0.10000000149011612
0.8899999856948853
0.5099999904632568
0.7549999952316284
0.7699999809265137
0.6100000143051147
0.6000000238418579
0.5600000023841858
0.25
0.675000011920929
0.9350000023841858
0.5099999904632568
0.9150000214576721
0.9649999737739563
0.9449999928474426
0.7699999809265137
0.8550000190734863
0.5550000071525574
1.0
0.02500000037252903
0.8450000286102295
0.9549999833106995
0.6800000071525574
0.5249999761581421
0.7450000047683716
0.39500001072883606
0.36000001430511475
0.6150000095367432
0.4950000047683716
0.8949999809265137
0.15000000596046448
0.39500001072883606
0.7200000286102295
0.36000001430511475
0.6449999809265137
0.0949999988079071
0.14499999582767487
0.35499998927116394
0.6850000023841858
0.23000000417232513
0.3799999952316284
0.6100000143051147
0.5600000023841858
0.48500001430511475
0.32499998807907104
0.3799999952316284
0.4399999976158142
0.30000001192092896
0.27000001072883606
0.36000001430511475
0.7599999904632568
0.39500001072883606
0.029999999329447746
0.5550000071525574
0.3149999976158142
0.22499999403953552
0.7749999761581421
0.29499998688697815
0.47999998927116394
0.5849999785423279
0.675000011920929
0.9150000214576721
0.20000000298023224
0.6700000166893005
0.23999999463558197
0.4699999988079071
0.6200000047683716
0.10999999940395355
0.6349999904632568
0.8450000286102295
0.5
0.5550000071525574
0.6549999713897705
0.5099999904632568
1.0
0.8849999904632568
0.949999988079071
0.9649999737739563
0.4050000011920929
0.10000000149011612
1.0
0.20000000298023224
0.7599999904632568
0.675000011920929
0.1899999976158142
1.0
0.30000001192092896
0.13500000536441803
0.9549999833106995
0.5699999928474426
0.5
0.2750000059604645
0.8600000143051147
0.019999999552965164
0.4950000047683716
0.6949999928474426
0.574999988079071
0.8899999856948853
0.5
0.75
0.7749999761581421
0.11999999731779099
0.824999988079071
0.22499999403953552
0.5400000214576721
0.7450000047683716
0.7250000238418579
0.4300000071525574
0.5899999737739563
0.4749999940395355
0.6949999928474426
0.5099999904632568
0.7250000238418579
0.6700000166893005
0.7699999809265137
0.8349999785423279
0.3799999952316284
0.7250000238418579
0.9449999928474426
0.125
0.9350000023841858
0.15000000596046448
0.41999998688697815
0.8999999761581421
0.2800000011920929
0.4749999940395355
0.004999999888241291
0.7149999737739563
0.3050000071525574
0.11999999731779099
0.27000001072883606
0.07500000298023224
0.10499999672174454
0.3149999976158142
0.13500000536441803
0.30000001192092896
0.46000000834465027
0.824999988079071
0.4699999988079071
0.4050000011920929
0.11500000208616257
0.14000000059604645
0.009999999776482582
0.44999998807907104
0.09000000357627869
0.23999999463558197
0.18000000715255737
0.14499999582767487
0.75
0.20000000298023224
0.03999999910593033
0.41499999165534973
0.6050000190734863
0.009999999776482582
0.18000000715255737
0.6100000143051147
0.6299999952316284
0.03999999910593033
0.4650000035762787
0.07500000298023224
0.07999999821186066
0.5799999833106995
0.11500000208616257
0.0949999988079071
0.36000001430511475
0.1550000011920929
0.75
0.054999999701976776
0.3050000071525574
0.20000000298023224
0.4699999988079071
0.15000000596046448
