0.4107142857142857
0.33630952380952384
0.5625
0.9434523809523809
0.5208333333333334
0.9791666666666666
0.8005952380952381
0.002976190476190476
0.8273809523809523
0.8363095238095238
0.19345238095238096
0.002976190476190476
0.002976190476190476
0.5505952380952381
0.5505952380952381
0.6964285714285714
0.5654761904761905
0.9583333333333334
0.7113095238095238
0.002976190476190476
0.5357142857142857
0.002976190476190476
0.3482142857142857
0.3898809523809524
0.12797619047619047
0.5238095238095238
0.017857142857142856
0.002976190476190476
0.1636904761904762
0.5357142857142857
0.28273809523809523
0.33035714285714285
0.8095238095238095
0.002976190476190476
0.6726190476190477
0.9553571428571429
0.39880952380952384
0.002976190476190476
0.25892857142857145
0.017857142857142856
0.9583333333333334
0.5892857142857143
0.35119047619047616
0.42857142857142855
0.7291666666666666
0.002976190476190476
0.37797619047619047
0.5297619047619048
0.002976190476190476
0.002976190476190476
0.31845238095238093
0.5446428571428571
0.8869047619047619
0.044642857142857144
0.2916666666666667
0.4107142857142857
0.9583333333333334
0.4851190476190476
0.19642857142857142
0.9017857142857143
0.002976190476190476
0.9375
0.49107142857142855
0.6279761904761905
0.6934523809523809
0.3898809523809524
0.9345238095238095
0.002976190476190476
0.3333333333333333
0.002976190476190476
0.36904761904761907
0.11011904761904762
0.026785714285714284
0.5625
0.6815476190476191
0.44345238095238093
0.8630952380952381
0.05357142857142857
0.3898809523809524
0.22321428571428573
0.6696428571428571
0.041666666666666664
0.002976190476190476
0.43452380952380953
0.49107142857142855
0.7767857142857143
0.5416666666666666
0.002976190476190476
0.6517857142857143
0.22321428571428573
0.46726190476190477
0.4732142857142857
0.37202380952380953
0.5416666666666666
0.9613095238095238
0.4732142857142857
0.625
0.002976190476190476
0.37202380952380953
0.5119047619047619
0.16071428571428573
0.002976190476190476
0.002976190476190476
0.19940476190476192
0.36607142857142855
0.23809523809523808
0.8273809523809523
0.15476190476190477
0.002976190476190476
0.33630952380952384
0.33630952380952384
0.8690476190476191
0.11607142857142858
0.27380952380952384
0.41964285714285715
0.07142857142857142
0.002976190476190476
0.30952380952380953
0.8184523809523809
0.2916666666666667
0.03869047619047619
0.002976190476190476
0.8214285714285714
0.24107142857142858
0.002976190476190476
0.11011904761904762
0.24107142857142858
0.8541666666666666
0.35714285714285715
0.8184523809523809
0.002976190476190476
0.002976190476190476
0.35714285714285715
0.9345238095238095
0.6517857142857143
0.002976190476190476
0.9642857142857143
0.2767857142857143
0.002976190476190476
0.6607142857142857
0.33630952380952384
0.24107142857142858
0.002976190476190476
0.5595238095238095
0.4583333333333333
0.002976190476190476
0.14583333333333334
0.011904761904761904
0.49107142857142855
0.002976190476190476
0.7619047619047619
0.002976190476190476
0.44345238095238093
0.09523809523809523
0.30952380952380953
0.002976190476190476
0.002976190476190476
0.7648809523809523
0.002976190476190476
0.18452380952380953
0.47619047619047616
0.8630952380952381
0.6875
0.44345238095238093
0.6398809523809523
0.47023809523809523
0.8988095238095238
0.6875
0.002976190476190476
0.002976190476190476
0.2916666666666667
0.6696428571428571
0.9910714285714286
0.002976190476190476
0.4017857142857143
0.7678571428571429
0.002976190476190476
0.28869047619047616
0.002976190476190476
0.11607142857142858
0.16071428571428573
0.13392857142857142
0.5238095238095238
0.002976190476190476
0.4017857142857143
0.5446428571428571
0.7529761904761905
0.002976190476190476
0.17559523809523808
0.37797619047619047
0.08928571428571429
0.7529761904761905
0.002976190476190476
0.37202380952380953
0.017857142857142856
0.40476190476190477
0.08333333333333333
0.37797619047619047
0.10119047619047619
0.8392857142857143
0.49107142857142855
0.23214285714285715
0.9523809523809523
0.002976190476190476
0.8630952380952381
0.8869047619047619
0.8630952380952381
0.7321428571428571
0.9404761904761905
0.6577380952380952
0.11607142857142858
0.09821428571428571
0.3869047619047619
0.6130952380952381
0.002976190476190476
0.9404761904761905
0.9375
0.002976190476190476
0.6547619047619048
0.002976190476190476
0.6339285714285714
0.3898809523809524
0.002976190476190476
0.15476190476190477
0.026785714285714284
0.40773809523809523
0.9255952380952381
0.44642857142857145
0.1130952380952381
0.22023809523809523
0.23511904761904762
0.9017857142857143
0.4583333333333333
0.3898809523809524
0.3273809523809524
0.9553571428571429
0.8392857142857143
0.5029761904761905
0.7767857142857143
0.22023809523809523
0.6845238095238095
0.6875
0.9017857142857143
0.9464285714285714
0.5119047619047619
0.125
0.5625
0.5208333333333334
0.20535714285714285
0.002976190476190476
0.36904761904761907
0.8214285714285714
0.8273809523809523
0.37797619047619047
0.25297619047619047
0.6785714285714286
0.5357142857142857
0.002976190476190476
0.8630952380952381
0.11607142857142858
0.7291666666666666
0.002976190476190476
0.6577380952380952
0.002976190476190476
0.002976190476190476
0.002976190476190476
0.36904761904761907
0.17857142857142858
0.24404761904761904
0.3333333333333333
0.002976190476190476
0.7202380952380952
0.7113095238095238
0.3273809523809524
0.5952380952380952
0.7886904761904762
0.9017857142857143
0.7321428571428571
0.4375
0.5416666666666666
0.3244047619047619
0.9345238095238095
0.6428571428571429
0.5416666666666666
0.7321428571428571
0.7380952380952381
0.47619047619047616
0.17261904761904762
0.12797619047619047
0.11011904761904762
0.002976190476190476
0.02976190476190476
0.9434523809523809
0.35714285714285715
0.6815476190476191
0.002976190476190476
0.6547619047619048
0.7738095238095238
0.002976190476190476
0.6785714285714286
0.8214285714285714
0.35119047619047616
0.6845238095238095
0.002976190476190476
0.3244047619047619
0.002976190476190476
0.37202380952380953
0.002976190476190476
0.23214285714285715
0.3273809523809524
0.002976190476190476
0.9464285714285714
0.37797619047619047
0.08333333333333333
0.020833333333333332
0.002976190476190476
0.16071428571428573
0.03273809523809524
0.002976190476190476
0.5238095238095238
0.6607142857142857
0.22023809523809523
0.11011904761904762
0.008928571428571428
0.22321428571428573
0.44345238095238093
0.9017857142857143
0.8244047619047619
0.9702380952380952
0.7113095238095238
0.45535714285714285
0.9613095238095238
0.49107142857142855
0.4017857142857143
0.07738095238095238
0.9404761904761905
0.5386904761904762
0.002976190476190476
0.5416666666666666
0.10714285714285714
0.24107142857142858
0.37797619047619047
0.4107142857142857
0.7529761904761905
0.34523809523809523
0.24107142857142858
0.33630952380952384
0.4583333333333333
0.002976190476190476
0.002976190476190476
0.002976190476190476
0.9404761904761905
0.8482142857142857
0.6309523809523809
0.002976190476190476
0.9553571428571429
0.27976190476190477
0.5565476190476191
0.41964285714285715
0.19940476190476192
0.5744047619047619
0.002976190476190476
0.7559523809523809
0.002976190476190476
0.002976190476190476
0.002976190476190476
0.8065476190476191
0.43452380952380953
0.002976190476190476
0.5119047619047619
0.35119047619047616
0.1488095238095238
0.49107142857142855
0.9464285714285714
0.6577380952380952
0.5773809523809523
0.8720238095238095
0.5
0.8690476190476191
0.44345238095238093
0.002976190476190476
0.37797619047619047
0.6547619047619048
0.20535714285714285
0.3392857142857143
0.1636904761904762
0.44047619047619047
0.28869047619047616
0.2113095238095238
0.4107142857142857
0.28273809523809523
0.002976190476190476
0.49702380952380953
0.22023809523809523
0.5357142857142857
0.5595238095238095
0.002976190476190476
0.4732142857142857
0.002976190476190476
0.002976190476190476
0.4017857142857143
0.5684523809523809
0.22321428571428573
0.47023809523809523
0.002976190476190476
0.4017857142857143
0.16071428571428573
0.21428571428571427
0.9523809523809523
0.6815476190476191
0.44345238095238093
0.05357142857142857
0.8095238095238095
0.7678571428571429
0.9761904761904762
0.22321428571428573
0.6636904761904762
0.1130952380952381
0.6577380952380952
0.22321428571428573
0.002976190476190476
0.002976190476190476
0.002976190476190476
0.8244047619047619
0.8720238095238095
0.6279761904761905
0.8154761904761905
0.16071428571428573
0.002976190476190476
0.002976190476190476
0.8422619047619048
0.4732142857142857
0.5
0.8244047619047619
0.002976190476190476
0.7113095238095238
0.8720238095238095
0.8095238095238095
0.44345238095238093
0.002976190476190476
0.002976190476190476
0.5238095238095238
0.8988095238095238
0.0744047619047619
0.49702380952380953
0.6785714285714286
0.7886904761904762
0.002976190476190476
0.12202380952380952
0.9017857142857143
0.002976190476190476
0.5029761904761905
0.49107142857142855
0.002976190476190476
0.002976190476190476
0.7321428571428571
0.1875
0.002976190476190476
0.21428571428571427
0.7321428571428571
0.7380952380952381
0.7708333333333334
0.3333333333333333
0.37797619047619047
0.4017857142857143
0.5654761904761905
0.6041666666666666
0.16071428571428573
0.5
0.002976190476190476
0.002976190476190476
0.4255952380952381
0.002976190476190476
0.3244047619047619
0.23214285714285715
0.3244047619047619
0.6904761904761905
0.005952380952380952
0.002976190476190476
0.8392857142857143
0.9642857142857143
0.49404761904761907
0.44345238095238093
0.002976190476190476
0.5238095238095238
0.11011904761904762
0.6607142857142857
0.44345238095238093
0.7886904761904762
0.9077380952380952
0.34523809523809523
0.75
0.44345238095238093
0.8184523809523809
0.5208333333333334
0.09523809523809523
0.49107142857142855
0.08333333333333333
0.9761904761904762
